-58.900909423828125 35.38693618774414 65.09909057617188
-50.0 45.0 74.0
-38.0 48.37397003173828 81.0
-24.86901092529297 48.13871383666992 87.0
-16.0 40.249691009521484 86.5598373413086
-26.0 39.772369384765625 83.39814758300781
-37.293270111083984 40.67275619506836 81.37948608398438
-50.0 37.25946807861328 75.2845687866211
57.0 35.612220764160156 63.0
48.370975494384766 37.23330307006836 72.0
36.68704605102539 39.73033905029297 78.31295013427734
24.504493713378906 38.84724426269531 79.84724426269531
15.306195259094238 39.49708938598633 85.4970932006836
24.79715919494629 48.32395935058594 85.0
37.48323440551758 48.80380630493164 78.0
49.27550506591797 46.22686767578125 69.49762725830078
-44.03469467163086 25.0 71.0
-37.06653594970703 28.80807113647461 76.0
-31.255857467651367 30.0 77.18016815185547
-25.603246688842773 29.069969177246094 75.0699691772461
-18.0 26.0 72.0
-25.76541519165039 22.76541519165039 73.76541900634766
-32.0 21.0 74.04005432128906
-37.59162521362305 21.91108512878418 73.0
42.341732025146484 25.0 67.4417495727539
36.72978591918945 22.270214080810547 70.27021026611328
31.0 21.612648010253906 71.94581604003906
25.590482711791992 22.0 71.59048461914062
16.352624893188477 24.718820571899414 71.0
25.526592254638672 29.789508819580078 73.31610107421875
30.760656356811523 29.79436492919922 74.79436492919922
36.6815071105957 28.0 72.12638092041016
-31.0 26.29880142211914 74.0
30.920475006103516 26.0 72.0
8.0 25.483781814575195 81.2487564086914
11.0 5.037213325500488 92.06427764892578
16.0 -4.9195942878723145 82.73159790039062
12.989981651306152 -11.512030601501465 85.0
8.0 -4.959203243255615 95.21873474121094
-0.5855780839920044 -11.414422035217285 94.81350708007812
-8.0 -5.075082778930664 96.1196517944336
-13.714900970458984 -11.0 86.0
-16.0 -5.161618709564209 84.25949096679688
-11.596776962280273 4.403223037719727 91.0
-8.691165924072266 24.308834075927734 81.0
-0.3699307143688202 1.821548342704773 108.0
-24.266565322875977 -35.0 80.93875122070312
-15.2520170211792 -28.853748321533203 89.14625549316406
-6.478668689727783 -25.147216796875 93.37411499023438
-1.0 -27.376739501953125 94.62326049804688
6.0 -25.88075828552246 93.77711486816406
14.0 -29.001535415649414 89.47505187988281
22.0 -34.247318267822266 81.247314453125
10.869329452514648 -37.092384338378906 90.13066864013672
-0.03442344814538956 -37.65306091308594 93.0
-12.717817306518555 -37.71781921386719 89.0
-10.492164611816406 -31.57810401916504 89.4218978881836
-0.469729483127594 -31.05302619934082 92.41670227050781
8.892940521240234 -31.234981536865234 90.0
-10.41834831237793 -32.587257385253906 89.0
-0.5876283049583435 -32.2521858215332 92.0
8.772089004516602 -32.41871643066406 90.0
-65.0 -32.0 1.0
-59.0 -47.49740219116211 22.67107391357422
-50.0 -55.0 41.0
-40.67806625366211 -60.590476989746094 57.7314567565918
-19.0 -63.88698959350586 75.0
-3.0 -65.0 81.0
16.0 -63.0 76.0
34.0 -58.0 58.0
47.0 -53.0 44.0
56.0 -47.0 25.0
60.0 -37.0 0.0
